
power = 2033.62484480529
throughput = 7529.68
composite = 3913.12462380557
